0.365
0.719
0.985
0.986
0.722
0.364
0.364
0.563
1.336
1.256
0.844
1.259
1.338
0.563
0.365
0.722
1.338
1.336
1.298
1.038
1.037
1.307
1.336
1.336
0.719
0.986
1.259
1.307
0.872
1.040
1.002
1.044
0.872
1.298
1.256
0.985
0.985
0.844
1.037
1.044
0.981
0.973
0.995
0.981
1.040
1.038
0.844
0.986
0.719
1.256
1.038
1.002
0.995
1.012
1.261
1.012
0.973
1.002
1.037
1.259
0.722
0.365
1.336
1.298
1.040
0.973
1.261
1.053
1.053
1.261
0.995
1.044
1.307
1.338
0.364
0.563
1.336
0.872
0.981
1.012
1.053
1.095
1.053
1.012
0.981
0.872
1.336
0.563
0.364
1.338
1.307
1.044
0.995
1.261
1.053
1.053
1.261
0.973
1.040
1.298
1.336
0.365
0.722
1.259
1.037
1.002
0.973
1.012
1.261
1.012
0.995
1.002
1.038
1.256
0.719
0.986
0.844
1.038
1.040
0.981
0.995
0.973
0.981
1.044
1.037
0.844
0.985
0.985
1.256
1.298
0.872
1.044
1.002
1.040
0.872
1.307
1.259
0.986
0.719
1.336
1.336
1.307
1.037
1.038
1.298
1.336
1.338
0.722
0.365
0.563
1.338
1.259
0.844
1.256
1.336
0.563
0.364
0.364
0.722
0.986
0.985
0.719
0.365
