0.32303
0.57581
0.97902
0.97557
0.57275
0.31685
0.31638
0.55481
1.162
1.155
1.131
1.15
1.158
0.55532
0.32342
0.57203
1.157
1.191
1.254
1.147
1.148
1.255
1.192
1.163
0.57615
0.97427
1.149
1.254
1.142
1.113
1.095
1.12
1.143
1.254
1.155
0.97951
0.97746
1.129
1.146
1.119
1.075
0.99452
1.043
1.075
1.113
1.148
1.132
0.97558
0.57457
1.153
1.145
1.094
1.042
1.021
1.176
1.021
0.99478
1.095
1.148
1.15
0.57255
0.32237
1.16
1.251
1.111
0.99385
1.176
1.169
1.168
1.176
1.043
1.12
1.255
1.158
0.31653
0.55362
1.189
1.14
1.074
1.02
1.168
1.087
1.168
1.021
1.075
1.142
1.191
0.55488
0.31591
1.155
1.252
1.118
1.042
1.175
1.168
1.168
1.176
0.9944
1.113
1.253
1.162
0.32303
0.57139
1.147
1.145
1.094
0.99365
1.02
1.175
1.02
1.042
1.095
1.146
1.154
0.57573
0.97374
1.129
1.145
1.111
1.074
1.042
0.99396
1.074
1.119
1.147
1.13
0.97874
0.97715
1.152
1.251
1.14
1.119
1.094
1.112
1.141
1.253
1.149
0.97478
0.57445
1.16
1.189
1.252
1.146
1.145
1.252
1.19
1.156
0.57182
0.32213
0.55349
1.155
1.148
1.129
1.153
1.161
0.55389
0.31607
0.31575
0.57149
0.97431
0.97807
0.57494
0.32253